50 50
00000000000000010000000000000000000100000000000000
00000000000000010000000000000000000100000000000000
00000000000000010000000000000000000100000000000000
00000100000000010000000001000000000100000000010000
00000100000000010000000001000000000100000000010000
00000100000000010000000001000000000100000000010000
00000100000000010000000001000000000100000000010000
00000100000000010000000001000000000100000000010000
00000100000000010000000001000000000100000000010000
00000100000000010000000001000000000100000000010000
00000100000000010000000001000000000100000000010000
00000100000000010000000001000000000100000000010000
00000100000000010000000001000000000100000000010000
00000100000000010000000001000000000100000000010000
00000100000000010000000001000000000100000000010000
00000100000000010000000001000000000100000000010000
00000100000000010000000001000000000100000000010000
00000100000000010000000001000000000100000000010000
00000100000000010000000001000000000100000000010000
00000100000000010000000001000000000100000000010000
00000100000000010000000001000000000100000000010000
00000100000000010000000001000000000100000000010000
00000100000000010000000001000000000100000000010000
00000100000000010000000001000000000100000000010000
00000100000000010000000001000000000100000000010000
00000100000000010000000001000000000100000000010000
00000100000000010000000001000000000100000000010000
00000100000000010000000001000000000100000000010000
00000100000000010000000001000000000100000000010000
00000100000000010000000001000000000100000000010000
00000100000000010000000001000000000100000000010000
00000100000000010000000001000000000100000000010000
00000100000000010000000001000000000100000000010000
00000100000000010000000001000000000100000000010000
00000100000000010000000001000000000100000000010000
00000100000000010000000001000000000100000000010000
00000100000000010000000001000000000100000000010000
00000100000000010000000001000000000100000000010000
00000100000000010000000001000000000100000000010000
00000100000000010000000001000000000100000000010000
00000100000000010000000001000000000100000000010000
00000100000000010000000001000000000100000000010000
00000100000000010000000001000000000100000000010000
00000100000000010000000001000000000100000000010000
00000100000000010000000001000000000100000000010000
00000100000000010000000001000000000100000000010000
00000100000000010000000001000000000100000000010000
00s00100000000000000000001000000000000000000010000
00000100000000000000000001000000000000000000010f00
00000100000000000000000001000000000000000000010000
